/* Upper approximation of a local domain for [data,completion,info,mstatus]*/
{
    "id4": [
        [
            0,
            0,
            0,
            0
        ],
        [
            1,
            0,
            0,
            0
        ],
        [
            2,
            0,
            0,
            0
        ]
    ],
    "id5": [
        [
            0,
            0,
            0,
            0
        ],
        [
            0,
            1,
            0,
            0
        ]
    ],
    "id6": [
        [
            0,
            0,
            0,
            0
        ]
    ],
    "id7": [
        [
            0,
            0,
            0,
            0
        ],
        [
            0,
            1,
            0,
            0
        ],
        [
            0,
            1,
            1,
            0
        ],
        [
            0,
            1,
            2,
            0
        ],
        [
            0,
            1,
            0,
            2
        ],
        [
            0,
            0,
            0,
            1
        ],
        [
            0,
            1,
            0,
            1
        ],
        [
            0,
            1,
            0,
            3
        ],
        [
            0,
            1,
            1,
            2
        ],
        [
            0,
            1,
            1,
            1
        ],
        [
            0,
            1,
            1,
            3
        ],
        [
            0,
            1,
            2,
            2
        ],
        [
            0,
            1,
            2,
            1
        ],
        [
            0,
            1,
            2,
            3
        ]
    ],
    "id8": [
        [
            0,
            1,
            0,
            2
        ],
        [
            0,
            0,
            0,
            1
        ],
        [
            0,
            1,
            0,
            1
        ],
        [
            0,
            1,
            0,
            3
        ]
    ],
    "id9": [
        [
            0,
            0,
            0,
            0
        ],
        [
            0,
            1,
            0,
            0
        ],
        [
            0,
            1,
            0,
            2
        ],
        [
            0,
            0,
            0,
            1
        ],
        [
            0,
            1,
            0,
            1
        ],
        [
            0,
            1,
            0,
            3
        ]
    ],
    "id10": [
        [
            0,
            0,
            0,
            0
        ],
        [
            0,
            1,
            0,
            0
        ],
        [
            0,
            1,
            0,
            2
        ],
        [
            0,
            0,
            0,
            1
        ],
        [
            0,
            1,
            0,
            1
        ],
        [
            0,
            1,
            0,
            3
        ]
    ],
    "id11": [
        [
            0,
            0,
            0,
            0
        ],
        [
            0,
            1,
            0,
            0
        ],
        [
            0,
            1,
            0,
            2
        ],
        [
            0,
            0,
            0,
            1
        ],
        [
            0,
            1,
            0,
            1
        ],
        [
            0,
            1,
            0,
            3
        ]
    ],
    "id12": [
        [
            0,
            0,
            0,
            0
        ],
        [
            0,
            1,
            0,
            0
        ],
        [
            0,
            1,
            0,
            2
        ],
        [
            0,
            0,
            0,
            1
        ],
        [
            0,
            1,
            0,
            1
        ],
        [
            0,
            1,
            0,
            3
        ]
    ]
}